26566 20230831 1300 20230831 0400  2.515 -155.47   65.66     6.7     7.5     8.4     6.6 -9999.0      0 0      0 0      0 0 C     2.3 0     4.4 0     0.5 0    93 0 -99.000 -99.000 -99.000 -99.000 -99.000 -9999.0 -9999.0 -9999.0 -9999.0 -9999.0
26566 20230831 1400 20230831 0500  2.515 -155.47   65.66     6.1     6.4     6.9     5.9     0.0      0 0      0 0      0 0 C     0.5 0     0.8 0     0.2 0    94 0 -99.000 -99.000 -99.000 -99.000 -99.000 -9999.0 -9999.0 -9999.0 -9999.0 -9999.0
26566 20230831 1500 20230831 0600  2.515 -155.47   65.66 -9999.0 -9999.0 -9999.0 -9999.0     0.0      0 3      2 3      0 3 C     0.6 3     0.8 3     0.2 3 -9999 0 -99.000 -99.000 -99.000 -99.000 -99.000 -9999.0 -9999.0 -9999.0 -9999.0 -9999.0
26566 20230831 1600 20230831 0700  2.515 -155.47   65.66 -9999.0 -9999.0 -9999.0 -9999.0     0.0     14 3     20 3      2 3 C     3.3 3     5.8 3     0.2 3 -9999 0 -99.000 -99.000 -99.000 -99.000 -99.000 -9999.0 -9999.0 -9999.0 -9999.0 -9999.0
26566 20230831 1700 20230831 0800  2.515 -155.47   65.66 -9999.0 -9999.0 -9999.0 -9999.0     0.0     40 3     65 3     15 3 C     6.9 3     7.8 3     5.4 3 -9999 0 -99.000 -99.000 -99.000 -99.000 -99.000 -9999.0 -9999.0 -9999.0 -9999.0 -9999.0
26566 20230831 1800 20230831 0900  2.515 -155.47   65.66     9.9     9.1     9.9     8.2     0.0    147 0    275 0     56 0 C     8.5 0    10.2 0     7.1 0    85 0 -99.000 -99.000 -99.000 -99.000 -99.000 -9999.0 -9999.0 -9999.0 -9999.0 -9999.0
26566 20230831 1900 20230831 1000  2.515 -155.47   65.66    10.4     9.8    10.4     9.3     0.0    124 0    267 0     65 0 C     9.7 0    11.2 0     8.7 0    84 0 -99.000 -99.000 -99.000 -99.000 -99.000 -9999.0 -9999.0 -9999.0 -9999.0 -9999.0
26566 20230831 2000 20230831 1100  2.515 -155.47   65.66    11.1    10.6    11.1    10.3     0.0    105 0    132 0     87 0 C    12.5 0    14.8 0    10.4 0    82 0 -99.000 -99.000 -99.000 -99.000 -99.000 -9999.0 -9999.0 -9999.0 -9999.0 -9999.0
26566 20230831 2100 20230831 1200  2.515 -155.47   65.66    11.9    11.5    11.9    11.1     0.0     58 0    103 0     32 0 C    12.0 0    14.8 0    10.5 0    78 0 -99.000 -99.000 -99.000 -99.000 -99.000 -9999.0 -9999.0 -9999.0 -9999.0 -9999.0
26566 20230831 2200 20230831 1300  2.515 -155.47   65.66    12.1    12.0    12.1    11.9     0.0     61 0     71 0     52 0 C    11.3 0    11.5 0    11.1 0    76 0 -99.000 -99.000 -99.000 -99.000 -99.000 -9999.0 -9999.0 -9999.0 -9999.0 -9999.0
26566 20230831 2300 20230831 1400  2.515 -155.47   65.66    11.6    11.9    12.1    11.6     0.4    123 0    200 0     71 0 C    12.4 0    13.5 0    11.5 0    85 0 -99.000 -99.000 -99.000 -99.000 -99.000 -9999.0 -9999.0 -9999.0 -9999.0 -9999.0
26566 20230901 0000 20230831 1500  2.515 -155.47   65.66    10.9    11.1    11.6    10.9     1.0     52 0     82 0     34 0 C    11.3 0    12.4 0    10.8 0    90 0 -99.000 -99.000 -99.000 -99.000 -99.000 -9999.0 -9999.0 -9999.0 -9999.0 -9999.0
26566 20230901 0100 20230831 1600  2.515 -155.47   65.66    11.2    11.0    11.2    10.9     1.2     64 0     82 0     46 0 C    11.2 0    11.7 0    10.8 0    93 0 -99.000 -99.000 -99.000 -99.000 -99.000 -9999.0 -9999.0 -9999.0 -9999.0 -9999.0
26566 20230901 0200 20230831 1700  2.515 -155.47   65.66    11.8    11.5    11.8    11.2     0.0     95 0    130 0     64 0 C    12.1 0    12.9 0    11.5 0    93 0 -99.000 -99.000 -99.000 -99.000 -99.000 -9999.0 -9999.0 -9999.0 -9999.0 -9999.0
26566 20230901 0300 20230831 1800  2.515 -155.47   65.66    11.9    12.0    12.1    11.8     0.0     94 0    136 0     37 0 C    13.0 0    13.5 0    12.3 0    94 0 -99.000 -99.000 -99.000 -99.000 -99.000 -9999.0 -9999.0 -9999.0 -9999.0 -9999.0
26566 20230901 0400 20230831 1900  2.515 -155.47   65.66    11.6    11.8    12.1    11.6     0.0     38 0     60 0     17 0 C    12.1 0    12.3 0    11.4 0    91 0 -99.000 -99.000 -99.000 -99.000 -99.000 -9999.0 -9999.0 -9999.0 -9999.0 -9999.0
26566 20230901 0500 20230831 2000  2.515 -155.47   65.66    11.2    11.3    11.6    11.2     0.0      9 0     17 0      5 0 C    11.0 0    11.4 0    10.6 0    93 0 -99.000 -99.000 -99.000 -99.000 -99.000 -9999.0 -9999.0 -9999.0 -9999.0 -9999.0
26566 20230901 0600 20230831 2100  2.515 -155.47   65.66    10.8    11.0    11.2    10.8     0.0      1 0      6 0      0 0 C    10.4 0    10.6 0    10.1 0    95 0 -99.000 -99.000 -99.000 -99.000 -99.000 -9999.0 -9999.0 -9999.0 -9999.0 -9999.0
26566 20230901 0700 20230831 2200  2.515 -155.47   65.66    10.6    10.7    10.8    10.6     0.4      0 0      0 0      0 0 C    10.0 0    10.1 0     9.8 0    95 0 -99.000 -99.000 -99.000 -99.000 -99.000 -9999.0 -9999.0 -9999.0 -9999.0 -9999.0
26566 20230901 0800 20230831 2300  2.515 -155.47   65.66    10.3    10.5    10.7    10.3     0.5      0 0      0 0      0 0 C     9.6 0     9.8 0     9.4 0    93 0 -99.000 -99.000 -99.000 -99.000 -99.000 -9999.0 -9999.0 -9999.0 -9999.0 -9999.0
26566 20230901 0900 20230901 0000  2.515 -155.47   65.66    10.0    10.2    10.3    10.0     0.5      0 0      0 0      0 0 C     9.5 0     9.6 0     9.4 0    95 0 -99.000 -99.000 -99.000 -99.000 -99.000 -9999.0 -9999.0 -9999.0 -9999.0 -9999.0
26566 20230901 1000 20230901 0100  2.515 -155.47   65.66    10.1    10.1    10.1    10.0     0.5      0 0      0 0      0 0 C     9.5 0     9.6 0     9.5 0    96 0 -99.000 -99.000 -99.000 -99.000 -99.000 -9999.0 -9999.0 -9999.0 -9999.0 -9999.0
26566 20230901 1100 20230901 0200  2.515 -155.47   65.66    10.3    10.3    10.4    10.1     0.0      0 0      0 0      0 0 C     9.5 0     9.6 0     9.5 0    95 0 -99.000 -99.000 -99.000 -99.000 -99.000 -9999.0 -9999.0 -9999.0 -9999.0 -9999.0
26566 20230901 1200 20230901 0300  2.515 -155.47   65.66    10.0    10.4    10.7    10.0     0.0      0 0      0 0      0 0 C     9.6 0     9.7 0     9.4 0    96 0 -99.000 -99.000 -99.000 -99.000 -99.000 -9999.0 -9999.0 -9999.0 -9999.0 -9999.0
